solid AssimpScene
 facet normal 0 0 0
  outer loop
  vertex -0.0184780005 0.00765399961 0.00600000005
  vertex -0.0199999996 0 0.00600000005
  vertex -0.0184780005 -0.00765399961 0.00600000005
  endloop
 endfacet

 facet normal 0 0 0
  outer loop
  vertex -0.0184780005 0.00765399961 0.00600000005
  vertex -0.0184780005 -0.00765399961 0.00600000005
  vertex -0.0141420001 -0.0141420001 0.00600000005
  endloop
 endfacet

 facet normal 0 0 0
  outer loop
  vertex -0.0184780005 0.00765399961 0.00600000005
  vertex -0.0141420001 -0.0141420001 0.00600000005
  vertex -0.00765399961 -0.0184780005 0.00600000005
  endloop
 endfacet

 facet normal 0 0 0
  outer loop
  vertex -0.0184780005 0.00765399961 0.00600000005
  vertex -0.00765399961 -0.0184780005 0.00600000005
  vertex 0 -0.0199999996 0.00600000005
  endloop
 endfacet

 facet normal 0 0 0
  outer loop
  vertex -0.0184780005 0.00765399961 0.00600000005
  vertex 0 -0.0199999996 0.00600000005
  vertex 0.00765399961 -0.0184780005 0.00600000005
  endloop
 endfacet

 facet normal 0 0 0
  outer loop
  vertex -0.0184780005 0.00765399961 0.00600000005
  vertex 0.00765399961 -0.0184780005 0.00600000005
  vertex 0.0141420001 -0.0141420001 0.00600000005
  endloop
 endfacet

 facet normal 0 0 0
  outer loop
  vertex -0.0184780005 0.00765399961 0.00600000005
  vertex 0.0141420001 -0.0141420001 0.00600000005
  vertex 0.0184780005 -0.00765399961 0.00600000005
  endloop
 endfacet

 facet normal 0 0 0
  outer loop
  vertex -0.0184780005 0.00765399961 0.00600000005
  vertex 0.0184780005 -0.00765399961 0.00600000005
  vertex 0.0199999996 0 0.00600000005
  endloop
 endfacet

 facet normal 0 0 0
  outer loop
  vertex -0.0184780005 0.00765399961 0.00600000005
  vertex 0.0199999996 0 0.00600000005
  vertex 0.0184780005 0.00765399961 0.00600000005
  endloop
 endfacet

 facet normal 0 0 0
  outer loop
  vertex -0.0184780005 0.00765399961 0.00600000005
  vertex 0.0184780005 0.00765399961 0.00600000005
  vertex 0.0141420001 0.0141420001 0.00600000005
  endloop
 endfacet

 facet normal 0 0 0
  outer loop
  vertex -0.0184780005 0.00765399961 0.00600000005
  vertex 0.0141420001 0.0141420001 0.00600000005
  vertex 0.00765399961 0.0184780005 0.00600000005
  endloop
 endfacet

 facet normal 0 0 0
  outer loop
  vertex -0.0184780005 0.00765399961 0.00600000005
  vertex 0.00765399961 0.0184780005 0.00600000005
  vertex 0 0.0199999996 0.00600000005
  endloop
 endfacet

 facet normal 0 0 0
  outer loop
  vertex -0.0184780005 0.00765399961 0.00600000005
  vertex 0 0.0199999996 0.00600000005
  vertex -0.00765399961 0.0184780005 0.00600000005
  endloop
 endfacet

 facet normal 0 0 0
  outer loop
  vertex -0.0184780005 0.00765399961 0.00600000005
  vertex -0.00765399961 0.0184780005 0.00600000005
  vertex -0.0141420001 0.0141420001 0.00600000005
  endloop
 endfacet

 facet normal 0 0 0
  outer loop
  vertex 0.00999999978 0.0149659999 -0.000199999995
  vertex 0.0141420001 0.0141420001 0.00400000019
  vertex 0.0166299995 0.00688799983 -0.000199999995
  endloop
 endfacet

 facet normal 0 0 0
  outer loop
  vertex -0.00999999978 0.0149659999 -0.000199999995
  vertex -0.0166299995 0.00688799983 -0.000199999995
  vertex -0.0141420001 0.0141420001 0.00400000019
  endloop
 endfacet

 facet normal 0 0 0
  outer loop
  vertex -0.00765399961 -0.0184780005 0.00400000019
  vertex 0 -0.0179999992 -0.000199999995
  vertex 0 -0.0199999996 0.00600000005
  endloop
 endfacet

 facet normal 0 0 0
  outer loop
  vertex 0.00765399961 -0.0184780005 0.00400000019
  vertex 0 -0.0199999996 0.00600000005
  vertex 0 -0.0179999992 -0.000199999995
  endloop
 endfacet

 facet normal 0 0 0
  outer loop
  vertex -0.0184780005 -0.00765399961 0.00400000019
  vertex -0.0176539999 -0.00351199973 -0.000199999995
  vertex -0.0149659999 -0.00999999978 -0.000199999995
  endloop
 endfacet

 facet normal 0 0 0
  outer loop
  vertex -0.0184780005 -0.00765399961 0.00400000019
  vertex -0.0149659999 -0.00999999978 -0.000199999995
  vertex -0.0141420001 -0.0141420001 0.00400000019
  endloop
 endfacet

 facet normal 0 0 0
  outer loop
  vertex 0.0184780005 -0.00765399961 0.00400000019
  vertex 0.0141420001 -0.0141420001 0.00400000019
  vertex 0.0149659999 -0.00999999978 -0.000199999995
  endloop
 endfacet

 facet normal 0 0 0
  outer loop
  vertex 0.0184780005 -0.00765399961 0.00400000019
  vertex 0.0149659999 -0.00999999978 -0.000199999995
  vertex 0.0176539999 -0.00351199973 -0.000199999995
  endloop
 endfacet

 facet normal 0 0 0
  outer loop
  vertex 0.0184780005 0.00765399961 0.00400000019
  vertex 0.0166299995 0.00688799983 -0.000199999995
  vertex 0.0141420001 0.0141420001 0.00400000019
  endloop
 endfacet

 facet normal 0 0 0
  outer loop
  vertex -0.0184780005 0.00765399961 0.00400000019
  vertex -0.0141420001 0.0141420001 0.00400000019
  vertex -0.0166299995 0.00688799983 -0.000199999995
  endloop
 endfacet

 facet normal 0 0 0
  outer loop
  vertex -0.00688799983 -0.0166299995 -0.000199999995
  vertex 0 -0.0179999992 -0.000199999995
  vertex -0.00765399961 -0.0184780005 0.00400000019
  endloop
 endfacet

 facet normal 0 0 0
  outer loop
  vertex -0.00688799983 -0.0166299995 -0.000199999995
  vertex -0.00765399961 -0.0184780005 0.00400000019
  vertex -0.0141420001 -0.0141420001 0.00400000019
  endloop
 endfacet

 facet normal 0 0 0
  outer loop
  vertex -0.00688799983 -0.0166299995 -0.000199999995
  vertex -0.0141420001 -0.0141420001 0.00400000019
  vertex -0.0149659999 -0.00999999978 -0.000199999995
  endloop
 endfacet

 facet normal 0 0 0
  outer loop
  vertex 0.00688799983 -0.0166299995 -0.000199999995
  vertex 0.0149659999 -0.00999999978 -0.000199999995
  vertex 0.0141420001 -0.0141420001 0.00400000019
  endloop
 endfacet

 facet normal 0 0 0
  outer loop
  vertex 0.00688799983 -0.0166299995 -0.000199999995
  vertex 0.0141420001 -0.0141420001 0.00400000019
  vertex 0.00765399961 -0.0184780005 0.00400000019
  endloop
 endfacet

 facet normal 0 0 0
  outer loop
  vertex 0.00688799983 -0.0166299995 -0.000199999995
  vertex 0.00765399961 -0.0184780005 0.00400000019
  vertex 0 -0.0179999992 -0.000199999995
  endloop
 endfacet

 facet normal 0 0 0
  outer loop
  vertex 0.00688799983 -0.0166299995 -0.000199999995
  vertex 0 -0.0179999992 -0.000199999995
  vertex -0.00688799983 -0.0166299995 -0.000199999995
  endloop
 endfacet

 facet normal 0 0 0
  outer loop
  vertex 0.00688799983 -0.0166299995 -0.000199999995
  vertex -0.00688799983 -0.0166299995 -0.000199999995
  vertex -0.0149659999 -0.00999999978 -0.000199999995
  endloop
 endfacet

 facet normal 0 0 0
  outer loop
  vertex 0.00688799983 -0.0166299995 -0.000199999995
  vertex -0.0149659999 -0.00999999978 -0.000199999995
  vertex -0.0176539999 -0.00351199973 -0.000199999995
  endloop
 endfacet

 facet normal 0 0 0
  outer loop
  vertex 0.00688799983 -0.0166299995 -0.000199999995
  vertex -0.0176539999 -0.00351199973 -0.000199999995
  vertex -0.0166299995 0.00688799983 -0.000199999995
  endloop
 endfacet

 facet normal 0 0 0
  outer loop
  vertex 0.00688799983 -0.0166299995 -0.000199999995
  vertex -0.0166299995 0.00688799983 -0.000199999995
  vertex -0.00999999978 0.0149659999 -0.000199999995
  endloop
 endfacet

 facet normal 0 0 0
  outer loop
  vertex 0.00688799983 -0.0166299995 -0.000199999995
  vertex -0.00999999978 0.0149659999 -0.000199999995
  vertex 0 0.0179999992 -0.000199999995
  endloop
 endfacet

 facet normal 0 0 0
  outer loop
  vertex 0.00688799983 -0.0166299995 -0.000199999995
  vertex 0 0.0179999992 -0.000199999995
  vertex 0.00999999978 0.0149659999 -0.000199999995
  endloop
 endfacet

 facet normal 0 0 0
  outer loop
  vertex 0.00688799983 -0.0166299995 -0.000199999995
  vertex 0.00999999978 0.0149659999 -0.000199999995
  vertex 0.0166299995 0.00688799983 -0.000199999995
  endloop
 endfacet

 facet normal 0 0 0
  outer loop
  vertex 0.00688799983 -0.0166299995 -0.000199999995
  vertex 0.0166299995 0.00688799983 -0.000199999995
  vertex 0.0176539999 -0.00351199973 -0.000199999995
  endloop
 endfacet

 facet normal 0 0 0
  outer loop
  vertex 0.00688799983 -0.0166299995 -0.000199999995
  vertex 0.0176539999 -0.00351199973 -0.000199999995
  vertex 0.0149659999 -0.00999999978 -0.000199999995
  endloop
 endfacet

 facet normal 0 0 0
  outer loop
  vertex -0.00765399961 -0.0184780005 0.00600000005
  vertex -0.0141420001 -0.0141420001 0.00600000005
  vertex -0.0141420001 -0.0141420001 0.00400000019
  endloop
 endfacet

 facet normal 0 0 0
  outer loop
  vertex -0.00765399961 -0.0184780005 0.00600000005
  vertex -0.0141420001 -0.0141420001 0.00400000019
  vertex -0.00765399961 -0.0184780005 0.00400000019
  endloop
 endfacet

 facet normal 0 0 0
  outer loop
  vertex -0.00765399961 -0.0184780005 0.00600000005
  vertex -0.00765399961 -0.0184780005 0.00400000019
  vertex 0 -0.0199999996 0.00600000005
  endloop
 endfacet

 facet normal 0 0 0
  outer loop
  vertex 0.00765399961 -0.0184780005 0.00600000005
  vertex 0 -0.0199999996 0.00600000005
  vertex 0.00765399961 -0.0184780005 0.00400000019
  endloop
 endfacet

 facet normal 0 0 0
  outer loop
  vertex 0.00765399961 -0.0184780005 0.00600000005
  vertex 0.00765399961 -0.0184780005 0.00400000019
  vertex 0.0141420001 -0.0141420001 0.00400000019
  endloop
 endfacet

 facet normal 0 0 0
  outer loop
  vertex 0.00765399961 -0.0184780005 0.00600000005
  vertex 0.0141420001 -0.0141420001 0.00400000019
  vertex 0.0141420001 -0.0141420001 0.00600000005
  endloop
 endfacet

 facet normal 0 0 0
  outer loop
  vertex -0.0184780005 -0.00765399961 0.00600000005
  vertex -0.0184780005 -0.00765399961 0.00400000019
  vertex -0.0141420001 -0.0141420001 0.00400000019
  endloop
 endfacet

 facet normal 0 0 0
  outer loop
  vertex -0.0184780005 -0.00765399961 0.00600000005
  vertex -0.0141420001 -0.0141420001 0.00400000019
  vertex -0.0141420001 -0.0141420001 0.00600000005
  endloop
 endfacet

 facet normal 0 0 0
  outer loop
  vertex 0.0184780005 -0.00765399961 0.00600000005
  vertex 0.0141420001 -0.0141420001 0.00600000005
  vertex 0.0141420001 -0.0141420001 0.00400000019
  endloop
 endfacet

 facet normal 0 0 0
  outer loop
  vertex 0.0184780005 -0.00765399961 0.00600000005
  vertex 0.0141420001 -0.0141420001 0.00400000019
  vertex 0.0184780005 -0.00765399961 0.00400000019
  endloop
 endfacet

 facet normal 0 0 0
  outer loop
  vertex 0.0184780005 0.00765399961 0.00600000005
  vertex 0.0184780005 0.00765399961 0.00400000019
  vertex 0.0141420001 0.0141420001 0.00400000019
  endloop
 endfacet

 facet normal 0 0 0
  outer loop
  vertex 0.0184780005 0.00765399961 0.00600000005
  vertex 0.0141420001 0.0141420001 0.00400000019
  vertex 0.0141420001 0.0141420001 0.00600000005
  endloop
 endfacet

 facet normal 0 0 0
  outer loop
  vertex -0.0184780005 0.00765399961 0.00600000005
  vertex -0.0141420001 0.0141420001 0.00600000005
  vertex -0.0141420001 0.0141420001 0.00400000019
  endloop
 endfacet

 facet normal 0 0 0
  outer loop
  vertex -0.0184780005 0.00765399961 0.00600000005
  vertex -0.0141420001 0.0141420001 0.00400000019
  vertex -0.0184780005 0.00765399961 0.00400000019
  endloop
 endfacet

 facet normal 0 0 0
  outer loop
  vertex 0.00765399961 0.0184780005 0.00400000019
  vertex 0 0.0199999996 0.00400000019
  vertex 0 0.0199999996 0.00600000005
  endloop
 endfacet

 facet normal 0 0 0
  outer loop
  vertex 0.00765399961 0.0184780005 0.00400000019
  vertex 0 0.0199999996 0.00600000005
  vertex 0.00765399961 0.0184780005 0.00600000005
  endloop
 endfacet

 facet normal 0 0 0
  outer loop
  vertex 0.00765399961 0.0184780005 0.00400000019
  vertex 0.00765399961 0.0184780005 0.00600000005
  vertex 0.0141420001 0.0141420001 0.00600000005
  endloop
 endfacet

 facet normal 0 0 0
  outer loop
  vertex 0.00765399961 0.0184780005 0.00400000019
  vertex 0.0141420001 0.0141420001 0.00600000005
  vertex 0.0141420001 0.0141420001 0.00400000019
  endloop
 endfacet

 facet normal 0 0 0
  outer loop
  vertex 0.00765399961 0.0184780005 0.00400000019
  vertex 0.0141420001 0.0141420001 0.00400000019
  vertex 0.00999999978 0.0149659999 -0.000199999995
  endloop
 endfacet

 facet normal 0 0 0
  outer loop
  vertex 0.00765399961 0.0184780005 0.00400000019
  vertex 0.00999999978 0.0149659999 -0.000199999995
  vertex 0 0.0179999992 -0.000199999995
  endloop
 endfacet

 facet normal 0 0 0
  outer loop
  vertex 0.00765399961 0.0184780005 0.00400000019
  vertex 0 0.0179999992 -0.000199999995
  vertex 0 0.0199999996 0.00400000019
  endloop
 endfacet

 facet normal 0 0 0
  outer loop
  vertex -0.00765399961 0.0184780005 0.00400000019
  vertex -0.00999999978 0.0149659999 -0.000199999995
  vertex -0.0141420001 0.0141420001 0.00400000019
  endloop
 endfacet

 facet normal 0 0 0
  outer loop
  vertex -0.00765399961 0.0184780005 0.00400000019
  vertex -0.0141420001 0.0141420001 0.00400000019
  vertex -0.0141420001 0.0141420001 0.00600000005
  endloop
 endfacet

 facet normal 0 0 0
  outer loop
  vertex -0.00765399961 0.0184780005 0.00400000019
  vertex -0.0141420001 0.0141420001 0.00600000005
  vertex -0.00765399961 0.0184780005 0.00600000005
  endloop
 endfacet

 facet normal 0 0 0
  outer loop
  vertex -0.00765399961 0.0184780005 0.00400000019
  vertex -0.00765399961 0.0184780005 0.00600000005
  vertex 0 0.0199999996 0.00600000005
  endloop
 endfacet

 facet normal 0 0 0
  outer loop
  vertex -0.00765399961 0.0184780005 0.00400000019
  vertex 0 0.0199999996 0.00600000005
  vertex 0 0.0199999996 0.00400000019
  endloop
 endfacet

 facet normal 0 0 0
  outer loop
  vertex -0.00765399961 0.0184780005 0.00400000019
  vertex 0 0.0199999996 0.00400000019
  vertex 0 0.0179999992 -0.000199999995
  endloop
 endfacet

 facet normal 0 0 0
  outer loop
  vertex -0.00765399961 0.0184780005 0.00400000019
  vertex 0 0.0179999992 -0.000199999995
  vertex -0.00999999978 0.0149659999 -0.000199999995
  endloop
 endfacet

 facet normal 0 0 0
  outer loop
  vertex 0.0199999996 0 0.00400000019
  vertex 0.0176539999 -0.00351199973 -0.000199999995
  vertex 0.0166299995 0.00688799983 -0.000199999995
  endloop
 endfacet

 facet normal 0 0 0
  outer loop
  vertex 0.0199999996 0 0.00400000019
  vertex 0.0166299995 0.00688799983 -0.000199999995
  vertex 0.0184780005 0.00765399961 0.00400000019
  endloop
 endfacet

 facet normal 0 0 0
  outer loop
  vertex 0.0199999996 0 0.00400000019
  vertex 0.0184780005 0.00765399961 0.00400000019
  vertex 0.0184780005 0.00765399961 0.00600000005
  endloop
 endfacet

 facet normal 0 0 0
  outer loop
  vertex 0.0199999996 0 0.00400000019
  vertex 0.0184780005 0.00765399961 0.00600000005
  vertex 0.0199999996 0 0.00600000005
  endloop
 endfacet

 facet normal 0 0 0
  outer loop
  vertex 0.0199999996 0 0.00400000019
  vertex 0.0199999996 0 0.00600000005
  vertex 0.0184780005 -0.00765399961 0.00600000005
  endloop
 endfacet

 facet normal 0 0 0
  outer loop
  vertex 0.0199999996 0 0.00400000019
  vertex 0.0184780005 -0.00765399961 0.00600000005
  vertex 0.0184780005 -0.00765399961 0.00400000019
  endloop
 endfacet

 facet normal 0 0 0
  outer loop
  vertex 0.0199999996 0 0.00400000019
  vertex 0.0184780005 -0.00765399961 0.00400000019
  vertex 0.0176539999 -0.00351199973 -0.000199999995
  endloop
 endfacet

 facet normal 0 0 0
  outer loop
  vertex -0.0199999996 0 0.00400000019
  vertex -0.0199999996 0 0.00600000005
  vertex -0.0184780005 0.00765399961 0.00600000005
  endloop
 endfacet

 facet normal 0 0 0
  outer loop
  vertex -0.0199999996 0 0.00400000019
  vertex -0.0184780005 0.00765399961 0.00600000005
  vertex -0.0184780005 0.00765399961 0.00400000019
  endloop
 endfacet

 facet normal 0 0 0
  outer loop
  vertex -0.0199999996 0 0.00400000019
  vertex -0.0184780005 0.00765399961 0.00400000019
  vertex -0.0166299995 0.00688799983 -0.000199999995
  endloop
 endfacet

 facet normal 0 0 0
  outer loop
  vertex -0.0199999996 0 0.00400000019
  vertex -0.0166299995 0.00688799983 -0.000199999995
  vertex -0.0176539999 -0.00351199973 -0.000199999995
  endloop
 endfacet

 facet normal 0 0 0
  outer loop
  vertex -0.0199999996 0 0.00400000019
  vertex -0.0176539999 -0.00351199973 -0.000199999995
  vertex -0.0184780005 -0.00765399961 0.00400000019
  endloop
 endfacet

 facet normal 0 0 0
  outer loop
  vertex -0.0199999996 0 0.00400000019
  vertex -0.0184780005 -0.00765399961 0.00400000019
  vertex -0.0184780005 -0.00765399961 0.00600000005
  endloop
 endfacet

 facet normal 0 0 0
  outer loop
  vertex -0.0199999996 0 0.00400000019
  vertex -0.0184780005 -0.00765399961 0.00600000005
  vertex -0.0199999996 0 0.00600000005
  endloop
 endfacet

endsolid AssimpScene
